================================================================
 Classification Report: Support Vector Machine (SVM)
================================================================
              precision    recall  f1-score   support

           A       0.99      0.99      0.99        75
           B       0.99      1.00      0.99        73
           C       0.94      0.98      0.96        63
           D       0.97      0.90      0.94        82
           E       1.00      0.99      0.99        80
           F       1.00      0.99      0.99        96
           G       0.99      0.99      0.99        81
           H       1.00      0.99      0.99        81
           I       1.00      0.99      0.99        76
           J       0.97      0.99      0.98        85
           K       0.99      0.91      0.95        89
           L       1.00      0.98      0.99        83
           M       0.81      0.92      0.86        52
           N       0.92      0.81      0.86        43
           O       0.91      0.97      0.94        75
           P       1.00      0.99      0.99        71
           Q       0.99      1.00      0.99        71
           R       0.93      0.72      0.81        86
           S       1.00      0.98      0.99        85
           T       0.96      0.97      0.97        78
           U       0.75      0.91      0.82        85
           V       0.89      0.98      0.93        85
           W       0.99      0.99      0.99        81
           X       0.99      1.00      0.99        75
           Y       1.00      0.98      0.99        86
           Z       0.97      1.00      0.99        78

    accuracy                           0.96      2015
   macro avg       0.96      0.96      0.96      2015
weighted avg       0.96      0.96      0.96      2015


================================================================
 Classification Report: Random Forest
================================================================
              precision    recall  f1-score   support

           A       0.96      1.00      0.98        75
           B       1.00      1.00      1.00        73
           C       0.98      1.00      0.99        63
           D       1.00      0.96      0.98        82
           E       0.99      0.97      0.98        80
           F       1.00      1.00      1.00        96
           G       0.98      0.99      0.98        81
           H       0.99      0.98      0.98        81
           I       1.00      0.99      0.99        76
           J       0.98      1.00      0.99        85
           K       1.00      0.98      0.99        89
           L       1.00      0.98      0.99        83
           M       0.90      0.87      0.88        52
           N       0.87      0.93      0.90        43
           O       0.96      1.00      0.98        75
           P       0.99      1.00      0.99        71
           Q       1.00      0.99      0.99        71
           R       0.97      0.90      0.93        86
           S       0.98      0.95      0.96        85
           T       0.99      0.99      0.99        78
           U       0.90      0.94      0.92        85
           V       0.95      0.98      0.97        85
           W       0.99      1.00      0.99        81
           X       0.96      0.97      0.97        75
           Y       1.00      0.98      0.99        86
           Z       0.97      1.00      0.99        78

    accuracy                           0.98      2015
   macro avg       0.97      0.97      0.97      2015
weighted avg       0.98      0.98      0.98      2015


================================================================
 Classification Report: Multi-Layer Perceptron (MLP)
================================================================
              precision    recall  f1-score   support

           A       1.00      0.97      0.99        75
           B       1.00      1.00      1.00        73
           C       0.97      1.00      0.98        63
           D       1.00      0.96      0.98        82
           E       1.00      0.99      0.99        80
           F       1.00      0.99      0.99        96
           G       1.00      0.99      0.99        81
           H       1.00      1.00      1.00        81
           I       0.97      0.99      0.98        76
           J       0.98      0.99      0.98        85
           K       1.00      1.00      1.00        89
           L       1.00      0.99      0.99        83
           M       0.84      0.92      0.88        52
           N       0.92      0.81      0.86        43
           O       0.97      1.00      0.99        75
           P       0.96      1.00      0.98        71
           Q       1.00      0.96      0.98        71
           R       0.98      0.97      0.97        86
           S       1.00      0.99      0.99        85
           T       0.96      1.00      0.98        78
           U       0.94      0.96      0.95        85
           V       0.99      0.99      0.99        85
           W       0.99      1.00      0.99        81
           X       1.00      0.99      0.99        75
           Y       1.00      0.99      0.99        86
           Z       0.99      1.00      0.99        78

    accuracy                           0.98      2015
   macro avg       0.98      0.98      0.98      2015
weighted avg       0.98      0.98      0.98      2015


